0101
0011
0101
1011
0101
0011
0011
0011
0011
0000
1110
1110
0101
0101
1110
1110
0101
1110
1110
0101
1110
0011
1110
0011
0101
1110
1110
1001
1110
0011
0111
1110
1110
1001
1110
0101
1110
1110
1110
0000
1110
1110
0101
1011
1110
0011
1110
0101
1110
0101
0000
1101
0000
0101
1110
1110
0101
1110
1110
0011
1110
0000
1110
0000
1110
1110
1110
1110
0000
1001
0111
1110
1110
1110
1110
0101
1110
0011
1110
0011
0101
1110
1110
0101
1110
1001
1110
1001
1110
1110
1110
1110
1110
0011
0101
1110
1110
0101
1110
0000
0101
1110
1110
1001
1110
1110
1110
0101
0101
1110
1110
1110
1110
0000
1110
0101
1110
0101
0101
1110
1110
0000
0101
1110
1110
0011
1110
1011
1110
1110
1110
0000
1110
0101
1110
0101
0000
1101
0111
0011
1110
1101